Wavelength [nm]	Absorbance/Fluorescence	Baseline counts	Sample counts
499,982697	0,291809	233,000000	119,000000
500,183685	0,288282	235,000000	121,000000
500,384674	0,288493	239,000000	123,000000
500,585663	0,285107	241,000000	125,000000
500,786652	0,281956	245,000000	128,000000
500,987640	0,283862	248,000000	129,000000
501,188629	0,282402	251,000000	131,000000
501,389618	0,282689	255,000000	133,000000
501,590607	0,279599	257,000000	135,000000
501,791595	0,279920	261,000000	137,000000
501,992584	0,280231	265,000000	139,000000
502,193573	0,278916	268,000000	141,000000
502,394562	0,277633	271,000000	143,000000
502,595551	0,276383	274,000000	145,000000
502,796539	0,276727	278,000000	147,000000
502,997528	0,277063	282,000000	149,000000
503,198517	0,277389	286,000000	151,000000
503,399506	0,276206	289,000000	153,000000
503,600494	0,279347	293,000000	154,000000
503,801483	0,279632	297,000000	156,000000
504,002472	0,282667	301,000000	157,000000
504,203461	0,284216	304,000000	158,000000
504,404449	0,281725	308,000000	161,000000
504,605438	0,280573	311,000000	163,000000
504,806427	0,282086	314,000000	164,000000
505,007416	0,283683	319,000000	166,000000
505,208405	0,283893	323,000000	168,000000
505,409393	0,285331	326,000000	169,000000
505,610382	0,285518	330,000000	171,000000
505,811371	0,286916	333,000000	172,000000
506,012360	0,287081	337,000000	174,000000
506,213348	0,287242	341,000000	176,000000
506,414337	0,286138	344,000000	178,000000
506,615326	0,288726	348,000000	179,000000
506,816315	0,287629	351,000000	181,000000
507,017303	0,290157	355,000000	182,000000
507,218292	0,292643	359,000000	183,000000
507,419281	0,295089	363,000000	184,000000
507,620270	0,299848	367,000000	184,000000
507,821259	0,304556	371,000000	184,000000
508,022247	0,306860	375,000000	185,000000
508,223236	0,310320	378,000000	185,000000
508,424225	0,310222	382,000000	187,000000
508,625214	0,310125	386,000000	189,000000
508,826202	0,311196	389,000000	190,000000
509,027191	0,311091	393,000000	192,000000
509,228180	0,306534	397,000000	196,000000
509,429169	0,304308	399,000000	198,000000
509,630157	0,305351	404,000000	200,000000
509,831146	0,302098	407,000000	203,000000
510,032135	0,301030	412,000000	206,000000
510,233124	0,296854	414,000000	209,000000
510,434113	0,297917	417,000000	210,000000
510,635101	0,297946	421,000000	212,000000
510,836090	0,300009	425,000000	213,000000
511,037079	0,299005	428,000000	215,000000
511,238068	0,300024	431,000000	216,000000
511,439056	0,301030	434,000000	217,000000
511,640045	0,303018	438,000000	218,000000
511,841034	0,303994	441,000000	219,000000
512,041992	0,306939	444,000000	219,000000
512,242981	0,308855	448,000000	220,000000
512,443970	0,309784	451,000000	221,000000
512,644958	0,310703	454,000000	222,000000
512,845947	0,316473	458,000000	221,000000
513,046936	0,317348	461,000000	222,000000
513,247925	0,318213	464,000000	223,000000
513,448914	0,321012	467,000000	223,000000
513,649902	0,321850	470,000000	224,000000
513,850891	0,323596	474,000000	225,000000
514,051880	0,323499	476,000000	226,000000
514,252869	0,324310	479,000000	227,000000
514,453857	0,326012	483,000000	228,000000
514,654846	0,326801	486,000000	229,000000
514,855835	0,329473	489,000000	229,000000
515,056824	0,329354	491,000000	230,000000
515,257812	0,331999	494,000000	230,000000
515,458801	0,331870	496,000000	231,000000
515,659790	0,330745	499,000000	233,000000
515,860779	0,331488	502,000000	234,000000
516,061768	0,331363	504,000000	235,000000
516,262756	0,330260	507,000000	237,000000
516,463745	0,329172	510,000000	239,000000
516,664734	0,329906	513,000000	240,000000
516,865723	0,328834	516,000000	242,000000
517,066711	0,328723	518,000000	243,000000
517,267700	0,330281	522,000000	244,000000
517,468689	0,331941	524,000000	244,000000
517,669678	0,333596	526,000000	244,000000
517,870667	0,334290	529,000000	245,000000
518,071655	0,340305	532,000000	243,000000
518,272644	0,343726	534,000000	242,000000
518,473633	0,350767	536,000000	239,000000
518,674622	0,356034	538,000000	237,000000
518,875610	0,362129	541,000000	235,000000
519,076599	0,367444	543,000000	233,000000
519,277588	0,372785	545,000000	231,000000
519,478577	0,378152	547,000000	229,000000
519,679565	0,381637	549,000000	228,000000
519,880554	0,381316	551,000000	229,000000
520,081543	0,385575	554,000000	228,000000
520,282532	0,385239	556,000000	229,000000
520,483521	0,384906	558,000000	230,000000
520,684509	0,382700	560,000000	232,000000
520,885498	0,380520	562,000000	234,000000
521,086487	0,380211	564,000000	235,000000
521,287476	0,379904	566,000000	236,000000
521,488464	0,380671	567,000000	236,000000
521,689453	0,382200	569,000000	236,000000
521,890442	0,385568	571,000000	235,000000
522,091431	0,388939	573,000000	234,000000
522,292419	0,391556	574,000000	233,000000
522,493408	0,394935	576,000000	232,000000
522,694397	0,396440	578,000000	232,000000
522,895386	0,397940	580,000000	232,000000
523,096375	0,395707	582,000000	234,000000
523,297363	0,393501	584,000000	236,000000
523,498352	0,388758	585,000000	239,000000
523,699341	0,382291	586,000000	243,000000
523,900330	0,378442	588,000000	246,000000
524,101318	0,368715	589,000000	252,000000
524,302307	0,360919	590,000000	257,000000
524,503296	0,354947	591,000000	261,000000
524,704285	0,348905	594,000000	266,000000
524,905273	0,343153	595,000000	270,000000
525,106262	0,339084	596,000000	273,000000
525,307251	0,335065	597,000000	276,000000
525,508240	0,331823	599,000000	279,000000
525,709229	0,329445	600,000000	281,000000
525,910217	0,328625	601,000000	282,000000
526,111206	0,327810	602,000000	283,000000
526,312195	0,327719	604,000000	284,000000
526,513184	0,326911	605,000000	285,000000
526,714172	0,327628	606,000000	285,000000
526,915161	0,329870	607,000000	284,000000
527,116150	0,332117	608,000000	283,000000
527,317139	0,335197	608,000000	281,000000
527,518127	0,338172	610,000000	280,000000
527,719116	0,340437	611,000000	279,000000
527,920105	0,345842	612,000000	276,000000
528,121094	0,346551	613,000000	276,000000
528,322083	0,348836	614,000000	275,000000
528,523071	0,350418	614,000000	274,000000
528,724060	0,351125	615,000000	274,000000
528,925049	0,351830	616,000000	274,000000
529,126038	0,349376	617,000000	276,000000
529,327026	0,345384	618,000000	279,000000
529,528015	0,342282	618,000000	281,000000
529,729004	0,339904	619,000000	283,000000
529,929993	0,334510	620,000000	287,000000
530,130981	0,332194	621,000000	289,000000
530,331970	0,327709	621,000000	292,000000
530,532959	0,324744	621,000000	294,000000
530,733948	0,322499	622,000000	296,000000
530,934937	0,319574	622,000000	298,000000
531,135925	0,315922	623,000000	301,000000
531,336914	0,314481	623,000000	302,000000
531,537903	0,311614	623,000000	304,000000
531,738892	0,310885	624,000000	305,000000
531,939880	0,309463	624,000000	306,000000
532,140869	0,307329	625,000000	308,000000
532,341858	0,303823	624,000000	310,000000
532,542847	0,303120	625,000000	311,000000
532,743835	0,300336	625,000000	313,000000
532,944824	0,298264	626,000000	315,000000
533,145813	0,295515	626,000000	317,000000
533,346802	0,292784	626,000000	319,000000
533,547791	0,290763	627,000000	321,000000
533,748779	0,288065	627,000000	323,000000
533,949768	0,286723	627,000000	324,000000
534,150757	0,284050	627,000000	326,000000
534,351746	0,281394	627,000000	328,000000
534,552734	0,280072	627,000000	329,000000
534,753723	0,278754	627,000000	330,000000
534,954712	0,278754	627,000000	330,000000
535,155701	0,277440	627,000000	331,000000
535,356689	0,277440	627,000000	331,000000
535,557678	0,276129	627,000000	332,000000
535,758667	0,276129	627,000000	332,000000
535,959656	0,277440	627,000000	331,000000
536,160645	0,276822	628,000000	332,000000
536,361633	0,276129	627,000000	332,000000
536,562622	0,277440	627,000000	331,000000
536,763611	0,277440	627,000000	331,000000
536,964600	0,278754	627,000000	330,000000
537,165588	0,278754	627,000000	330,000000
537,366577	0,281394	627,000000	328,000000
537,567566	0,281394	627,000000	328,000000
537,768494	0,280072	627,000000	329,000000
537,969482	0,281394	627,000000	328,000000
538,170471	0,280700	626,000000	328,000000
538,371460	0,280700	626,000000	328,000000
538,572449	0,280700	626,000000	328,000000
538,773437	0,279378	626,000000	329,000000
538,974426	0,278060	626,000000	330,000000
539,175415	0,276746	626,000000	331,000000
539,376404	0,273436	625,000000	333,000000
539,577393	0,273436	625,000000	333,000000
539,778381	0,270835	625,000000	335,000000
539,979370	0,270140	624,000000	335,000000
540,180359	0,266858	623,000000	337,000000
540,381348	0,267555	624,000000	337,000000
540,582336	0,266858	623,000000	337,000000
540,783325	0,265571	623,000000	338,000000
540,984314	0,264874	622,000000	338,000000
541,185303	0,265571	623,000000	338,000000
541,386292	0,266160	622,000000	337,000000
541,587280	0,264175	621,000000	338,000000
541,788269	0,265462	621,000000	337,000000
541,989258	0,264762	620,000000	337,000000
542,190247	0,264762	620,000000	337,000000
542,391235	0,266052	620,000000	336,000000
542,592224	0,265351	619,000000	336,000000
542,793213	0,265351	619,000000	336,000000
542,994202	0,264649	618,000000	336,000000
543,195190	0,265240	617,000000	335,000000
543,396179	0,265240	617,000000	335,000000
543,597168	0,265240	617,000000	335,000000
543,798157	0,265834	616,000000	334,000000
543,999146	0,265129	615,000000	334,000000
544,200134	0,265129	615,000000	334,000000
544,401123	0,265129	615,000000	334,000000
544,602112	0,265016	613,000000	333,000000
544,803101	0,265016	613,000000	333,000000
545,004089	0,266322	613,000000	332,000000
545,205078	0,266923	612,000000	331,000000
545,406067	0,268237	612,000000	330,000000
545,607056	0,268845	611,000000	329,000000
545,808044	0,274158	611,000000	325,000000
546,009033	0,274072	609,000000	324,000000
546,210022	0,277399	608,000000	321,000000
546,411011	0,282844	608,000000	317,000000
546,612000	0,289749	608,000000	312,000000
546,812988	0,294638	607,000000	308,000000
547,013977	0,302466	606,000000	302,000000
547,214966	0,311933	605,000000	295,000000
547,415955	0,325389	605,000000	286,000000
547,616943	0,340128	604,000000	276,000000
547,817932	0,354526	604,000000	267,000000
548,018921	0,369663	602,000000	257,000000
548,219910	0,388661	602,000000	246,000000
548,420898	0,405962	601,000000	236,000000
548,621887	0,425969	600,000000	225,000000
548,822876	0,440967	599,000000	217,000000
549,023865	0,450365	598,000000	212,000000
549,224854	0,460004	597,000000	207,000000
549,425842	0,465616	596,000000	204,000000
549,626831	0,472050	596,000000	201,000000
549,827820	0,471321	595,000000	201,000000
550,028809	0,464156	594,000000	204,000000
550,229797	0,457084	593,000000	207,000000
550,430786	0,448039	592,000000	211,000000
550,631775	0,435128	591,000000	217,000000
550,832764	0,419405	591,000000	225,000000
551,033752	0,403496	590,000000	233,000000
551,234741	0,382725	589,000000	244,000000
551,435730	0,363575	589,000000	255,000000
551,636719	0,344496	588,000000	266,000000
551,837708	0,324593	587,000000	278,000000
552,038696	0,307000	586,000000	289,000000
552,239685	0,292940	585,000000	298,000000
552,440674	0,277862	584,000000	308,000000
552,641663	0,268102	584,000000	315,000000
552,842651	0,257813	583,000000	322,000000
553,043640	0,252451	583,000000	326,000000
553,244629	0,243038	581,000000	332,000000
553,445618	0,237089	580,000000	336,000000
553,646606	0,233228	580,000000	339,000000
553,847595	0,229173	578,000000	341,000000
554,048584	0,227150	577,000000	342,000000
554,249573	0,224617	577,000000	344,000000
554,450562	0,224374	575,000000	343,000000
554,651550	0,223109	575,000000	344,000000
554,852539	0,222353	574,000000	344,000000
555,053528	0,221596	573,000000	344,000000
555,254517	0,223370	572,000000	342,000000
555,455505	0,223882	571,000000	341,000000
555,656494	0,221849	570,000000	342,000000
555,857483	0,223120	570,000000	341,000000
556,058472	0,223633	569,000000	340,000000
556,259460	0,222869	568,000000	340,000000
556,460449	0,223383	567,000000	339,000000
556,661438	0,222617	566,000000	339,000000
556,862427	0,222362	564,000000	338,000000
557,063416	0,221592	563,000000	338,000000
557,264404	0,224169	563,000000	336,000000
557,465393	0,221333	561,000000	337,000000
557,666382	0,217988	560,000000	339,000000
557,867371	0,217988	560,000000	339,000000
558,068359	0,215155	558,000000	340,000000
558,269348	0,211829	557,000000	342,000000
558,470337	0,211829	557,000000	342,000000
558,671326	0,208516	556,000000	344,000000
558,872314	0,205691	554,000000	345,000000
559,073303	0,205691	554,000000	345,000000
559,274292	0,202863	552,000000	346,000000
559,475281	0,202075	551,000000	346,000000
559,676270	0,200033	550,000000	347,000000
559,877258	0,197993	549,000000	348,000000
560,078247	0,198451	548,000000	347,000000
560,279236	0,197658	547,000000	347,000000
560,480225	0,196863	546,000000	347,000000
560,681213	0,196863	546,000000	347,000000
560,882202	0,197320	545,000000	346,000000
561,083191	0,196523	544,000000	346,000000
561,284180	0,196981	543,000000	345,000000
561,485168	0,196180	542,000000	345,000000
561,686157	0,195378	541,000000	345,000000
561,887146	0,196295	539,000000	343,000000
562,088135	0,195030	539,000000	344,000000
562,289124	0,194224	538,000000	344,000000
562,490112	0,194680	537,000000	343,000000
562,691101	0,193060	535,000000	343,000000
562,892090	0,193060	535,000000	343,000000
563,093079	0,194787	534,000000	341,000000
563,294067	0,191886	532,000000	342,000000
563,495056	0,191068	531,000000	342,000000
563,696045	0,192340	531,000000	341,000000
563,897034	0,190701	529,000000	341,000000
564,098022	0,189880	528,000000	341,000000
564,299011	0,190332	527,000000	340,000000
564,500000	0,189507	526,000000	340,000000
564,700989	0,187405	525,000000	341,000000
564,901978	0,187852	524,000000	340,000000
565,102966	0,186192	522,000000	340,000000
565,303955	0,186192	522,000000	340,000000
565,504944	0,185359	521,000000	340,000000
565,705933	0,183688	519,000000	340,000000
565,906921	0,182851	518,000000	340,000000
566,107910	0,182012	517,000000	340,000000
566,308899	0,179053	515,000000	341,000000
566,509888	0,180328	515,000000	340,000000
566,710876	0,178209	514,000000	341,000000
566,911865	0,176516	512,000000	341,000000
567,112854	0,175667	511,000000	341,000000
567,313843	0,173963	509,000000	341,000000
567,514832	0,172692	509,000000	342,000000
567,715820	0,171838	508,000000	342,000000
567,916809	0,170982	507,000000	342,000000
568,117798	0,171396	506,000000	341,000000
568,318787	0,169676	504,000000	341,000000
568,519775	0,167542	503,000000	342,000000
568,720764	0,166678	502,000000	342,000000
568,921753	0,164544	501,000000	343,000000
569,122742	0,163676	500,000000	343,000000
569,323730	0,160671	498,000000	344,000000
569,524719	0,159798	497,000000	344,000000
569,725708	0,160188	496,000000	343,000000
569,926636	0,157169	494,000000	344,000000
570,127625	0,157169	494,000000	344,000000
570,328613	0,155028	493,000000	345,000000
570,529602	0,154146	492,000000	345,000000
570,730591	0,151120	490,000000	346,000000
570,931580	0,151120	490,000000	346,000000
571,132568	0,150233	489,000000	346,000000
571,333557	0,149344	488,000000	346,000000
571,534546	0,147560	486,000000	346,000000
571,735535	0,146307	486,000000	347,000000
571,936523	0,145412	485,000000	347,000000
572,137512	0,144516	484,000000	347,000000
572,338501	0,141468	482,000000	348,000000
572,539490	0,140566	481,000000	348,000000
572,740479	0,139662	480,000000	348,000000
572,941467	0,138756	479,000000	348,000000
573,142456	0,136939	477,000000	348,000000
573,343445	0,134782	476,000000	349,000000
573,544434	0,136028	476,000000	348,000000
573,745422	0,132953	474,000000	349,000000
573,946411	0,130793	473,000000	350,000000
574,147400	0,129874	472,000000	350,000000
574,348389	0,128030	470,000000	350,000000
574,549377	0,127105	469,000000	350,000000
574,750366	0,127105	469,000000	350,000000
574,951355	0,125249	467,000000	350,000000
575,152344	0,124318	466,000000	350,000000
575,353333	0,122146	465,000000	351,000000
575,554321	0,121211	464,000000	351,000000
575,755310	0,120274	463,000000	351,000000
575,956299	0,118099	462,000000	352,000000
576,157288	0,117158	461,000000	352,000000
576,358276	0,116506	459,000000	351,000000
576,559265	0,114323	458,000000	352,000000
576,760254	0,113374	457,000000	352,000000
576,961243	0,112422	456,000000	352,000000
577,162231	0,112704	455,000000	351,000000
577,363220	0,110791	453,000000	351,000000
577,564209	0,110791	453,000000	351,000000
577,765198	0,108869	451,000000	351,000000
577,966187	0,106939	449,000000	351,000000
578,167175	0,105704	449,000000	352,000000
578,368164	0,105971	448,000000	351,000000
578,569153	0,104028	446,000000	351,000000
578,770142	0,104292	445,000000	350,000000
578,971130	0,103315	444,000000	350,000000
579,172119	0,102336	443,000000	350,000000
579,373108	0,102597	442,000000	349,000000
579,574097	0,100627	440,000000	349,000000
579,775085	0,099639	439,000000	349,000000
579,976074	0,098649	438,000000	349,000000
580,177063	0,098902	437,000000	348,000000
580,378052	0,096910	435,000000	348,000000
580,579041	0,097160	434,000000	347,000000
580,780029	0,096158	433,000000	347,000000
580,981018	0,095154	432,000000	347,000000
581,182007	0,094148	431,000000	347,000000
581,382996	0,093381	429,000000	346,000000
581,583984	0,092368	428,000000	346,000000
581,784973	0,092609	427,000000	345,000000
581,985962	0,091591	426,000000	345,000000
582,186951	0,090570	425,000000	345,000000
582,387939	0,091830	425,000000	344,000000
582,588928	0,089782	423,000000	344,000000
582,789917	0,090018	422,000000	343,000000
582,990906	0,087955	420,000000	343,000000
583,191895	0,089223	420,000000	342,000000
583,392883	0,087150	418,000000	342,000000
583,593872	0,087614	416,000000	340,000000
583,794861	0,086569	415,000000	340,000000
583,995850	0,085521	414,000000	340,000000
584,196838	0,085750	413,000000	339,000000
584,397827	0,085981	412,000000	338,000000
584,598816	0,084925	411,000000	338,000000
584,799805	0,085384	409,000000	336,000000
585,000793	0,085384	409,000000	336,000000
585,201782	0,084550	407,000000	335,000000
585,402771	0,084780	406,000000	334,000000
585,603760	0,082635	404,000000	334,000000
585,804749	0,083937	404,000000	333,000000
586,005737	0,080700	401,000000	333,000000
586,206726	0,080922	400,000000	332,000000
586,407715	0,081145	399,000000	331,000000
586,608704	0,080055	398,000000	331,000000
586,809692	0,080277	397,000000	330,000000
587,010681	0,079181	396,000000	330,000000
587,211670	0,079401	395,000000	329,000000
587,412659	0,078519	393,000000	328,000000
587,613647	0,078738	392,000000	327,000000
587,814636	0,075191	390,000000	328,000000
588,015625	0,075402	389,000000	327,000000
588,216614	0,075614	388,000000	326,000000
588,417603	0,075828	387,000000	325,000000
588,618591	0,074704	386,000000	325,000000
588,819580	0,076258	385,000000	323,000000
589,020569	0,072654	383,000000	324,000000
589,221558	0,074207	382,000000	322,000000
589,422546	0,073069	381,000000	322,000000
589,623535	0,071928	380,000000	322,000000
589,824524	0,073489	379,000000	320,000000
590,025513	0,071191	377,000000	320,000000
590,226501	0,071397	376,000000	319,000000
590,427490	0,070241	375,000000	319,000000
590,628479	0,070444	374,000000	318,000000
590,829468	0,070650	373,000000	317,000000
591,030457	0,069484	372,000000	317,000000
591,231445	0,069687	371,000000	316,000000
591,432434	0,068515	370,000000	316,000000
591,633423	0,068716	369,000000	315,000000
591,834412	0,066356	367,000000	315,000000
592,035400	0,066551	366,000000	314,000000
592,236389	0,065363	365,000000	314,000000
592,437378	0,065557	364,000000	313,000000
592,638367	0,065752	363,000000	312,000000
592,839355	0,063353	361,000000	312,000000
593,040344	0,063542	360,000000	311,000000
593,241333	0,061123	358,000000	311,000000
593,442322	0,059908	357,000000	311,000000
593,643311	0,060270	355,000000	309,000000
593,844299	0,059045	354,000000	309,000000
594,045288	0,057816	353,000000	309,000000
594,246277	0,056584	352,000000	309,000000
594,447266	0,056756	351,000000	308,000000
594,648254	0,055687	349,000000	307,000000
594,849243	0,055858	348,000000	306,000000
595,050232	0,054608	347,000000	306,000000
595,251221	0,053355	346,000000	306,000000
595,452209	0,053519	345,000000	305,000000
595,653198	0,050994	343,000000	305,000000
595,854187	0,049726	342,000000	305,000000
596,055176	0,049881	341,000000	304,000000
596,256165	0,050036	340,000000	303,000000
596,457153	0,046043	338,000000	304,000000
596,658142	0,046187	337,000000	303,000000
596,859131	0,043466	336,000000	304,000000
597,060120	0,045038	335,000000	302,000000
597,261108	0,043740	334,000000	302,000000
597,462097	0,043878	333,000000	301,000000
597,663086	0,044017	332,000000	300,000000
597,864075	0,041393	330,000000	300,000000
598,065063	0,041525	329,000000	299,000000
598,266052	0,040203	328,000000	299,000000
598,467041	0,040331	327,000000	298,000000
598,668030	0,039001	326,000000	298,000000
598,869019	0,037667	325,000000	298,000000
599,070007	0,036329	324,000000	298,000000
599,270996	0,033640	322,000000	298,000000
599,471985	0,035213	321,000000	296,000000
599,672974	0,032394	320,000000	297,000000
599,873962	0,032605	318,000000	295,000000
600,074951	0,032712	317,000000	294,000000
