Wavelength [nm]	Absorbance/Fluorescence	Baseline counts	Sample counts
499,982697	-0,423633	233,000000	618,000000
500,183685	-0,423420	235,000000	623,000000
500,384674	-0,421631	239,000000	631,000000
500,585663	-0,424163	241,000000	640,000000
500,786652	-0,423079	245,000000	649,000000
500,987640	-0,423114	248,000000	657,000000
501,188629	-0,423148	251,000000	665,000000
501,389618	-0,421475	255,000000	673,000000
501,590607	-0,423851	257,000000	682,000000
501,791595	-0,422838	261,000000	691,000000
501,992584	-0,421231	265,000000	699,000000
502,193573	-0,421898	268,000000	708,000000
502,394562	-0,424363	271,000000	720,000000
502,595551	-0,424381	274,000000	728,000000
502,796539	-0,424012	278,000000	738,000000
502,997528	-0,422490	282,000000	746,000000
503,198517	-0,422156	286,000000	756,000000
503,399506	-0,422764	289,000000	765,000000
503,600494	-0,422434	293,000000	775,000000
503,801483	-0,422113	297,000000	785,000000
504,002472	-0,421254	301,000000	794,000000
504,203461	-0,422382	304,000000	804,000000
504,404449	-0,422074	308,000000	814,000000
504,605438	-0,422111	311,000000	822,000000
504,806427	-0,422671	314,000000	831,000000
505,007416	-0,421521	319,000000	842,000000
505,208405	-0,421237	323,000000	852,000000
505,409393	-0,420776	326,000000	859,000000
505,610382	-0,420506	330,000000	869,000000
505,811371	-0,422038	333,000000	880,000000
506,012360	-0,422248	337,000000	891,000000
506,213348	-0,421005	341,000000	899,000000
506,414337	-0,421527	344,000000	908,000000
506,615326	-0,420790	348,000000	917,000000
506,816315	-0,421773	351,000000	927,000000
507,017303	-0,420583	355,000000	935,000000
507,218292	-0,420337	359,000000	945,000000
507,419281	-0,420097	363,000000	955,000000
507,620270	-0,419861	367,000000	965,000000
507,821259	-0,419631	371,000000	975,000000
508,022247	-0,418964	375,000000	984,000000
508,223236	-0,418582	378,000000	991,000000
508,424225	-0,418371	382,000000	1001,000000
508,625214	-0,417734	386,000000	1010,000000
508,826202	-0,418225	389,000000	1019,000000
509,027191	-0,417601	393,000000	1028,000000
509,228180	-0,417407	397,000000	1038,000000
509,429169	-0,419388	399,000000	1048,000000
509,630157	-0,416871	404,000000	1055,000000
509,831146	-0,417347	407,000000	1064,000000
510,032135	-0,415298	412,000000	1072,000000
510,233124	-0,416825	414,000000	1081,000000
510,434113	-0,416892	417,000000	1089,000000
510,635101	-0,415528	421,000000	1096,000000
510,836090	-0,414973	425,000000	1105,000000
511,037079	-0,415441	428,000000	1114,000000
511,238068	-0,415516	431,000000	1122,000000
511,439056	-0,414434	434,000000	1127,000000
511,640045	-0,413904	438,000000	1136,000000
511,841034	-0,413987	441,000000	1144,000000
512,041992	-0,412937	444,000000	1149,000000
512,242981	-0,412805	448,000000	1159,000000
512,443970	-0,412522	451,000000	1166,000000
512,644958	-0,412982	454,000000	1175,000000
512,845947	-0,412486	458,000000	1184,000000
513,046936	-0,412211	461,000000	1191,000000
513,247925	-0,412663	464,000000	1200,000000
513,448914	-0,412030	467,000000	1206,000000
513,649902	-0,411763	470,000000	1213,000000
513,850891	-0,411293	474,000000	1222,000000
514,051880	-0,410884	476,000000	1226,000000
514,252869	-0,410980	479,000000	1234,000000
514,453857	-0,410873	483,000000	1244,000000
514,654846	-0,410274	486,000000	1250,000000
514,855835	-0,410717	489,000000	1259,000000
515,056824	-0,410666	491,000000	1264,000000
515,257812	-0,410419	494,000000	1271,000000
515,458801	-0,411049	496,000000	1278,000000
515,659790	-0,410126	499,000000	1283,000000
515,860779	-0,409212	502,000000	1288,000000
516,061768	-0,409168	504,000000	1293,000000
516,262756	-0,409936	507,000000	1303,000000
516,463745	-0,409369	510,000000	1309,000000
516,664734	-0,408147	513,000000	1313,000000
516,865723	-0,408253	516,000000	1321,000000
517,066711	-0,408214	518,000000	1326,000000
517,267700	-0,407160	522,000000	1333,000000
517,468689	-0,407125	524,000000	1338,000000
517,669678	-0,406767	526,000000	1342,000000
517,870667	-0,406234	529,000000	1348,000000
518,071655	-0,406028	532,000000	1355,000000
518,272644	-0,406317	534,000000	1361,000000
518,473633	-0,406286	536,000000	1366,000000
518,674622	-0,406572	538,000000	1372,000000
518,875610	-0,405105	541,000000	1375,000000
519,076599	-0,405079	543,000000	1380,000000
519,277588	-0,404740	545,000000	1384,000000
519,478577	-0,404715	547,000000	1389,000000
519,679565	-0,404379	549,000000	1393,000000
519,880554	-0,404976	551,000000	1400,000000
520,081543	-0,404167	554,000000	1405,000000
520,282532	-0,403836	556,000000	1409,000000
520,483521	-0,403508	558,000000	1413,000000
520,684509	-0,403488	560,000000	1418,000000
520,885498	-0,403163	562,000000	1422,000000
521,086487	-0,402231	564,000000	1424,000000
521,287476	-0,401912	566,000000	1428,000000
521,488464	-0,402663	567,000000	1433,000000
521,689453	-0,402647	569,000000	1438,000000
521,890442	-0,402329	571,000000	1442,000000
522,091431	-0,401713	573,000000	1445,000000
522,292419	-0,402157	574,000000	1449,000000
522,493408	-0,401544	576,000000	1452,000000
522,694397	-0,401234	578,000000	1456,000000
522,895386	-0,400627	580,000000	1459,000000
523,096375	-0,400024	582,000000	1462,000000
523,297363	-0,400017	584,000000	1467,000000
523,498352	-0,400752	585,000000	1472,000000
523,699341	-0,400894	586,000000	1475,000000
523,900330	-0,400591	588,000000	1479,000000
524,101318	-0,400733	589,000000	1482,000000
524,302307	-0,400874	590,000000	1485,000000
524,503296	-0,401307	591,000000	1489,000000
524,704285	-0,399691	594,000000	1491,000000
524,905273	-0,400415	595,000000	1496,000000
525,106262	-0,400266	596,000000	1498,000000
525,307251	-0,400985	597,000000	1503,000000
525,508240	-0,400110	599,000000	1505,000000
525,709229	-0,399385	600,000000	1505,000000
525,910217	-0,399815	601,000000	1509,000000
526,111206	-0,399380	602,000000	1510,000000
526,312195	-0,398802	604,000000	1513,000000
526,513184	-0,398657	605,000000	1515,000000
526,714172	-0,398799	606,000000	1518,000000
526,915161	-0,398655	607,000000	1520,000000
527,116150	-0,399081	608,000000	1524,000000
527,317139	-0,400220	608,000000	1528,000000
527,518127	-0,399362	610,000000	1530,000000
527,719116	-0,398650	611,000000	1530,000000
527,920105	-0,398507	612,000000	1532,000000
528,121094	-0,398082	613,000000	1533,000000
528,322083	-0,397657	614,000000	1534,000000
528,523071	-0,398506	614,000000	1537,000000
528,724060	-0,398928	615,000000	1541,000000
528,925049	-0,398222	616,000000	1541,000000
529,126038	-0,398643	617,000000	1545,000000
529,327026	-0,398221	618,000000	1546,000000
529,528015	-0,398782	618,000000	1548,000000
529,729004	-0,398080	619,000000	1548,000000
529,929993	-0,397379	620,000000	1548,000000
530,130981	-0,397520	621,000000	1551,000000
530,331970	-0,398080	621,000000	1553,000000
530,532959	-0,398639	621,000000	1555,000000
530,733948	-0,398498	622,000000	1557,000000
530,934937	-0,399334	622,000000	1560,000000
531,135925	-0,398358	623,000000	1559,000000
531,336914	-0,398358	623,000000	1559,000000
531,537903	-0,399193	623,000000	1562,000000
531,738892	-0,397940	624,000000	1560,000000
531,939880	-0,399330	624,000000	1565,000000
532,140869	-0,398634	625,000000	1565,000000
532,341858	-0,400161	624,000000	1568,000000
532,542847	-0,399743	625,000000	1569,000000
532,743835	-0,399743	625,000000	1569,000000
532,944824	-0,399049	626,000000	1569,000000
533,145813	-0,399325	626,000000	1570,000000
533,346802	-0,399325	626,000000	1570,000000
533,547791	-0,398909	627,000000	1571,000000
533,748779	-0,399461	627,000000	1573,000000
533,949768	-0,399737	627,000000	1574,000000
534,150757	-0,400013	627,000000	1575,000000
534,351746	-0,400289	627,000000	1576,000000
534,552734	-0,400289	627,000000	1576,000000
534,753723	-0,400564	627,000000	1577,000000
534,954712	-0,400289	627,000000	1576,000000
535,155701	-0,400289	627,000000	1576,000000
535,356689	-0,400289	627,000000	1576,000000
535,557678	-0,400839	627,000000	1578,000000
535,758667	-0,401390	627,000000	1580,000000
535,959656	-0,400839	627,000000	1578,000000
536,160645	-0,400697	628,000000	1580,000000
536,361633	-0,401390	627,000000	1580,000000
536,562622	-0,401390	627,000000	1580,000000
536,763611	-0,401115	627,000000	1579,000000
536,964600	-0,400564	627,000000	1577,000000
537,165588	-0,401390	627,000000	1580,000000
537,366577	-0,401115	627,000000	1579,000000
537,567566	-0,401664	627,000000	1581,000000
537,768494	-0,401390	627,000000	1580,000000
537,969482	-0,401390	627,000000	1580,000000
538,170471	-0,401808	626,000000	1579,000000
538,371460	-0,401533	626,000000	1578,000000
538,572449	-0,401533	626,000000	1578,000000
538,773437	-0,400706	626,000000	1575,000000
538,974426	-0,401533	626,000000	1578,000000
539,175415	-0,401533	626,000000	1578,000000
539,376404	-0,401952	625,000000	1577,000000
539,577393	-0,402227	625,000000	1578,000000
539,778381	-0,402227	625,000000	1578,000000
539,979370	-0,402372	624,000000	1576,000000
540,180359	-0,403344	623,000000	1577,000000
540,381348	-0,401820	624,000000	1574,000000
540,582336	-0,402793	623,000000	1575,000000
540,783325	-0,403068	623,000000	1576,000000
540,984314	-0,403766	622,000000	1576,000000
541,185303	-0,402793	623,000000	1575,000000
541,386292	-0,403214	622,000000	1574,000000
541,587280	-0,403637	621,000000	1573,000000
541,788269	-0,403913	621,000000	1574,000000
541,989258	-0,403784	620,000000	1571,000000
542,190247	-0,403231	620,000000	1569,000000
542,391235	-0,403508	620,000000	1570,000000
542,592224	-0,404486	619,000000	1571,000000
542,793213	-0,404209	619,000000	1570,000000
542,994202	-0,404634	618,000000	1569,000000
543,195190	-0,404784	617,000000	1567,000000
543,396179	-0,404507	617,000000	1566,000000
543,597168	-0,403952	617,000000	1564,000000
543,798157	-0,404656	616,000000	1564,000000
543,999146	-0,404806	615,000000	1562,000000
544,200134	-0,404806	615,000000	1562,000000
544,401123	-0,404806	615,000000	1562,000000
544,602112	-0,406221	613,000000	1562,000000
544,803101	-0,405664	613,000000	1560,000000
545,004089	-0,404549	613,000000	1556,000000
545,205078	-0,405258	612,000000	1556,000000
545,406067	-0,404979	612,000000	1555,000000
545,607056	-0,404851	611,000000	1552,000000
545,808044	-0,404571	611,000000	1551,000000
546,009033	-0,405995	609,000000	1551,000000
546,210022	-0,406708	608,000000	1551,000000
546,411011	-0,406428	608,000000	1550,000000
546,612000	-0,405867	608,000000	1548,000000
546,812988	-0,405740	607,000000	1545,000000
547,013977	-0,406456	606,000000	1545,000000
547,214966	-0,406611	605,000000	1543,000000
547,415955	-0,406047	605,000000	1541,000000
547,616943	-0,406766	604,000000	1541,000000
547,817932	-0,406766	604,000000	1541,000000
548,018921	-0,407360	602,000000	1538,000000
548,219910	-0,406795	602,000000	1536,000000
548,420898	-0,406951	601,000000	1534,000000
548,621887	-0,407391	600,000000	1533,000000
548,822876	-0,407548	599,000000	1531,000000
549,023865	-0,407706	598,000000	1529,000000
549,224854	-0,408149	597,000000	1528,000000
549,425842	-0,408024	596,000000	1525,000000
549,626831	-0,408024	596,000000	1525,000000
549,827820	-0,408753	595,000000	1525,000000
550,028809	-0,408343	594,000000	1521,000000
550,229797	-0,409075	593,000000	1521,000000
550,430786	-0,408950	592,000000	1518,000000
550,631775	-0,408825	591,000000	1515,000000
550,832764	-0,407964	591,000000	1512,000000
551,033752	-0,408987	590,000000	1513,000000
551,234741	-0,409436	589,000000	1512,000000
551,435730	-0,408862	589,000000	1510,000000
551,636719	-0,408736	588,000000	1507,000000
551,837708	-0,408898	587,000000	1505,000000
552,038696	-0,409639	586,000000	1505,000000
552,239685	-0,409225	585,000000	1501,000000
552,440674	-0,409678	584,000000	1500,000000
552,641663	-0,408809	584,000000	1497,000000
552,842651	-0,409263	583,000000	1496,000000
553,043640	-0,408973	583,000000	1495,000000
553,244629	-0,409593	581,000000	1492,000000
553,445618	-0,410341	580,000000	1492,000000
553,646606	-0,409175	580,000000	1488,000000
553,847595	-0,410091	578,000000	1486,000000
554,048584	-0,409672	577,000000	1482,000000
554,249573	-0,408499	577,000000	1478,000000
554,450562	-0,409713	575,000000	1477,000000
554,651550	-0,409713	575,000000	1477,000000
554,852539	-0,409586	574,000000	1474,000000
555,053528	-0,409458	573,000000	1471,000000
555,254517	-0,409330	572,000000	1468,000000
555,455505	-0,409794	571,000000	1467,000000
555,656494	-0,409666	570,000000	1464,000000
555,857483	-0,408775	570,000000	1461,000000
556,058472	-0,408347	569,000000	1457,000000
556,259460	-0,409111	568,000000	1457,000000
556,460449	-0,409578	567,000000	1456,000000
556,661438	-0,409449	566,000000	1453,000000
556,862427	-0,410388	564,000000	1451,000000
557,063416	-0,410260	563,000000	1448,000000
557,264404	-0,409960	563,000000	1447,000000
557,465393	-0,410002	561,000000	1442,000000
557,666382	-0,410174	560,000000	1440,000000
557,867371	-0,409571	560,000000	1438,000000
558,068359	-0,410520	558,000000	1436,000000
558,269348	-0,411299	557,000000	1436,000000
558,470337	-0,410391	557,000000	1433,000000
558,671326	-0,409957	556,000000	1429,000000
558,872314	-0,410610	554,000000	1426,000000
559,073303	-0,410000	554,000000	1424,000000
559,274292	-0,410655	552,000000	1421,000000
559,475281	-0,410525	551,000000	1418,000000
559,676270	-0,410701	550,000000	1416,000000
559,877258	-0,410877	549,000000	1414,000000
560,078247	-0,411054	548,000000	1412,000000
560,279236	-0,411232	547,000000	1410,000000
560,480225	-0,411101	546,000000	1407,000000
560,681213	-0,410484	546,000000	1405,000000
560,882202	-0,410042	545,000000	1401,000000
561,083191	-0,410219	544,000000	1399,000000
561,284180	-0,410707	543,000000	1398,000000
561,485168	-0,410886	542,000000	1396,000000
561,686157	-0,410754	541,000000	1393,000000
561,887146	-0,412050	539,000000	1392,000000
562,088135	-0,410801	539,000000	1388,000000
562,289124	-0,410668	538,000000	1385,000000
562,490112	-0,410534	537,000000	1382,000000
562,691101	-0,411525	535,000000	1380,000000
562,892090	-0,411210	535,000000	1379,000000
563,093079	-0,411393	534,000000	1377,000000
563,294067	-0,412391	532,000000	1375,000000
563,495056	-0,412576	531,000000	1373,000000
563,696045	-0,411943	531,000000	1371,000000
563,897034	-0,412630	529,000000	1368,000000
564,098022	-0,412180	528,000000	1364,000000
564,299011	-0,412048	527,000000	1361,000000
564,500000	-0,412234	526,000000	1359,000000
564,700989	-0,412740	525,000000	1358,000000
564,901978	-0,412608	524,000000	1355,000000
565,102966	-0,413948	522,000000	1354,000000
565,303955	-0,412663	522,000000	1350,000000
565,504944	-0,412530	521,000000	1347,000000
565,705933	-0,413878	519,000000	1346,000000
565,906921	-0,413746	518,000000	1343,000000
566,107910	-0,412966	517,000000	1338,000000
566,308899	-0,414649	515,000000	1338,000000
566,509888	-0,414649	515,000000	1338,000000
566,710876	-0,414518	514,000000	1335,000000
566,911865	-0,415560	512,000000	1333,000000
567,112854	-0,415757	511,000000	1331,000000
567,313843	-0,416480	509,000000	1328,000000
567,514832	-0,416153	509,000000	1327,000000
567,715820	-0,415696	508,000000	1323,000000
567,916809	-0,415566	507,000000	1320,000000
568,117798	-0,416423	506,000000	1320,000000
568,318787	-0,417155	504,000000	1317,000000
568,519775	-0,417688	503,000000	1316,000000
568,720764	-0,417561	502,000000	1313,000000
568,921753	-0,417102	501,000000	1309,000000
569,122742	-0,417306	500,000000	1307,000000
569,323730	-0,419046	498,000000	1307,000000
569,524719	-0,418588	497,000000	1303,000000
569,725708	-0,419129	496,000000	1302,000000
569,926636	-0,420216	494,000000	1300,000000
570,127625	-0,419213	494,000000	1297,000000
570,328613	-0,419758	493,000000	1296,000000
570,529602	-0,419969	492,000000	1294,000000
570,730591	-0,420730	490,000000	1291,000000
570,931580	-0,420057	490,000000	1289,000000
571,132568	-0,420270	489,000000	1287,000000
571,333557	-0,420145	488,000000	1284,000000
571,534546	-0,421929	486,000000	1284,000000
571,735535	-0,420913	486,000000	1281,000000
571,936523	-0,421468	485,000000	1280,000000
572,137512	-0,421685	484,000000	1278,000000
572,338501	-0,422804	482,000000	1276,000000
572,539490	-0,422683	481,000000	1273,000000
572,740479	-0,422562	480,000000	1270,000000
572,941467	-0,422098	479,000000	1266,000000
573,142456	-0,423572	477,000000	1265,000000
573,343445	-0,424484	476,000000	1265,000000
573,544434	-0,423452	476,000000	1262,000000
573,745422	-0,424247	474,000000	1259,000000
573,946411	-0,425165	473,000000	1259,000000
574,147400	-0,424702	472,000000	1255,000000
574,348389	-0,425506	470,000000	1252,000000
574,549377	-0,425390	469,000000	1249,000000
574,750366	-0,424694	469,000000	1247,000000
574,951355	-0,425852	467,000000	1245,000000
575,152344	-0,426434	466,000000	1244,000000
575,353333	-0,426669	465,000000	1242,000000
575,554321	-0,426203	464,000000	1238,000000
575,755310	-0,426789	463,000000	1237,000000
575,956299	-0,427025	462,000000	1235,000000
576,157288	-0,426557	461,000000	1231,000000
576,358276	-0,427386	459,000000	1228,000000
576,559265	-0,427979	458,000000	1227,000000
576,760254	-0,428220	457,000000	1225,000000
576,961243	-0,428817	456,000000	1224,000000
577,162231	-0,428348	455,000000	1220,000000
577,363220	-0,429192	453,000000	1217,000000
577,564209	-0,428835	453,000000	1216,000000
577,765198	-0,429684	451,000000	1213,000000
577,966187	-0,430539	449,000000	1210,000000
578,167175	-0,429821	449,000000	1208,000000
578,368164	-0,429709	448,000000	1205,000000
578,569153	-0,431652	446,000000	1205,000000
578,770142	-0,430821	445,000000	1200,000000
578,971130	-0,431436	444,000000	1199,000000
579,172119	-0,431327	443,000000	1196,000000
579,373108	-0,431218	442,000000	1193,000000
579,574097	-0,432094	440,000000	1190,000000
579,775085	-0,431620	439,000000	1186,000000
579,976074	-0,431878	438,000000	1184,000000
580,177063	-0,432503	437,000000	1183,000000
580,378052	-0,433761	435,000000	1181,000000
580,579041	-0,433287	434,000000	1177,000000
580,780029	-0,433919	433,000000	1176,000000
580,981018	-0,433444	432,000000	1172,000000
581,182007	-0,434450	431,000000	1172,000000
581,382996	-0,435357	429,000000	1169,000000
581,583984	-0,434509	428,000000	1164,000000
581,784973	-0,435152	427,000000	1163,000000
581,985962	-0,435048	426,000000	1160,000000
582,186951	-0,435695	425,000000	1159,000000
582,387939	-0,433817	425,000000	1154,000000
582,588928	-0,435112	423,000000	1152,000000
582,789917	-0,434251	422,000000	1147,000000
582,990906	-0,435556	420,000000	1145,000000
583,191895	-0,434036	420,000000	1141,000000
583,392883	-0,434966	418,000000	1138,000000
583,593872	-0,437049	416,000000	1138,000000
583,794861	-0,436565	415,000000	1134,000000
583,995850	-0,436462	414,000000	1131,000000
584,196838	-0,437128	413,000000	1130,000000
584,397827	-0,436641	412,000000	1126,000000
584,598816	-0,436151	411,000000	1122,000000
584,799805	-0,436718	409,000000	1118,000000
585,000793	-0,436718	409,000000	1118,000000
585,201782	-0,437680	407,000000	1115,000000
585,402771	-0,437579	406,000000	1112,000000
585,603760	-0,439333	404,000000	1111,000000
585,804749	-0,437374	404,000000	1106,000000
586,005737	-0,439825	401,000000	1104,000000
586,206726	-0,440122	400,000000	1102,000000
586,407715	-0,439629	399,000000	1098,000000
586,608704	-0,439531	398,000000	1095,000000
586,809692	-0,439034	397,000000	1091,000000
587,010681	-0,439731	396,000000	1090,000000
587,211670	-0,440032	395,000000	1088,000000
587,412659	-0,440637	393,000000	1084,000000
587,613647	-0,440138	392,000000	1080,000000
587,814636	-0,441554	390,000000	1078,000000
588,015625	-0,441055	389,000000	1074,000000
588,216614	-0,440552	388,000000	1070,000000
588,417603	-0,440453	387,000000	1067,000000
588,618591	-0,441577	386,000000	1067,000000
588,819580	-0,441481	385,000000	1064,000000
589,020569	-0,442517	383,000000	1061,000000
589,221558	-0,442422	382,000000	1058,000000
589,422546	-0,442327	381,000000	1055,000000
589,623535	-0,442645	380,000000	1053,000000
589,824524	-0,441307	379,000000	1047,000000
590,025513	-0,443190	377,000000	1046,000000
590,226501	-0,443096	376,000000	1043,000000
590,427490	-0,443419	375,000000	1041,000000
590,628479	-0,443326	374,000000	1038,000000
590,829468	-0,443232	373,000000	1035,000000
591,030457	-0,443557	372,000000	1033,000000
591,231445	-0,442619	371,000000	1028,000000
591,432434	-0,442946	370,000000	1026,000000
591,633423	-0,443274	369,000000	1024,000000
591,834412	-0,444785	367,000000	1022,000000
592,035400	-0,444267	366,000000	1018,000000
592,236389	-0,444601	365,000000	1016,000000
592,437378	-0,444508	364,000000	1013,000000
592,638367	-0,445274	363,000000	1012,000000
592,839355	-0,445522	361,000000	1007,000000
593,040344	-0,445431	360,000000	1004,000000
593,241333	-0,446117	358,000000	1000,000000
593,442322	-0,446027	357,000000	997,000000
593,643311	-0,447595	355,000000	995,000000
593,844299	-0,447508	354,000000	992,000000
594,045288	-0,447860	353,000000	990,000000
594,246277	-0,447774	352,000000	987,000000
594,447266	-0,447246	351,000000	983,000000
594,648254	-0,448401	349,000000	980,000000
594,849243	-0,448315	348,000000	977,000000
595,050232	-0,447337	347,000000	972,000000
595,251221	-0,448590	346,000000	972,000000
595,452209	-0,448505	345,000000	969,000000
595,653198	-0,449683	343,000000	966,000000
595,854187	-0,450051	342,000000	964,000000
596,055176	-0,449064	341,000000	959,000000
596,256165	-0,449887	340,000000	958,000000
596,457153	-0,450176	338,000000	953,000000
596,658142	-0,450094	337,000000	950,000000
596,859131	-0,451384	336,000000	950,000000
597,060120	-0,451305	335,000000	947,000000
597,261108	-0,451685	334,000000	945,000000
597,462097	-0,450684	333,000000	940,000000
597,663086	-0,450602	332,000000	937,000000
597,864075	-0,452298	330,000000	935,000000
598,065063	-0,452686	329,000000	933,000000
598,266052	-0,451674	328,000000	928,000000
598,467041	-0,451594	327,000000	925,000000
598,668030	-0,452454	326,000000	924,000000
598,869019	-0,451904	325,000000	920,000000
599,070007	-0,451824	324,000000	917,000000
599,270996	-0,453090	322,000000	914,000000
599,471985	-0,453013	321,000000	911,000000
599,672974	-0,452936	320,000000	908,000000
599,873962	-0,454221	318,000000	905,000000
600,074951	-0,454147	317,000000	902,000000
